start=1372.496000
fullscreen=yes
video-aspect-override=1.777778
